-1.0 0.0 
1.0 0.0 
3.0 0.0 
5.0 0.0 
7.0 0.0 
9.0 0.0 
11.0 0.0 
13.0 0.0 
15.0 0.0 
17.0 0.0 
19.0 0.0 
21.0 0.0 
23.0 0.0 
25.0 0.0 
27.0 0.0 
29.0 0.0 
31.0 0.0 
33.0 0.0 
35.0 1e-05 
37.0 5e-06 
39.0 0.0 
41.0 5e-06 
43.0 5e-06 
45.0 5e-06 
47.0 5e-06 
49.0 0.0 
51.0 0.0 
53.0 5e-06 
55.0 5e-06 
57.0 0.0 
59.0 5e-06 
61.0 0.0 
63.0 0.0 
65.0 0.0 
67.0 0.0 
69.0 1e-05 
71.0 0.0 
73.0 0.0 
75.0 0.0 
77.0 0.0 
79.0 0.0 
81.0 0.0 
83.0 0.0 
85.0 5e-06 
87.0 0.0 
89.0 0.0 
91.0 0.0 
93.0 1e-05 
95.0 0.0 
97.0 5e-06 
99.0 5e-06 
101.0 1.5e-05 
103.0 5e-06 
105.0 0.0 
107.0 5e-06 
109.0 0.0 
111.0 0.0 
113.0 5e-06 
115.0 5e-06 
117.0 0.0 
119.0 1e-05 
121.0 0.0 
123.0 5e-06 
125.0 1.5e-05 
127.0 0.0 
129.0 5e-06 
131.0 0.0 
133.0 0.0 
135.0 1.5e-05 
137.0 0.0 
139.0 0.0 
141.0 0.0 
143.0 0.0 
145.0 1e-05 
147.0 5e-06 
149.0 0.0 
151.0 0.0 
153.0 0.0 
155.0 0.0 
157.0 0.0 
159.0 0.0 
161.0 0.0 
163.0 5e-06 
165.0 5e-06 
167.0 1e-05 
169.0 5e-06 
171.0 0.0 
173.0 5e-06 
175.0 0.0 
177.0 0.0 
179.0 0.0 
181.0 5e-06 
183.0 0.0 
185.0 0.0 
187.0 0.0 
189.0 0.0 
191.0 0.0 
193.0 0.0 
195.0 0.0 
197.0 0.0 
199.0 0.0 
201.0 0.0 
203.0 0.0 
205.0 0.0 
207.0 0.0 
209.0 0.0 
211.0 0.0 
213.0 0.0 
215.0 5e-06 
217.0 0.0 
219.0 5e-06 
221.0 0.0 
223.0 5e-06 
225.0 0.0 
227.0 0.0 
229.0 0.0 
231.0 0.0 
233.0 0.0 
235.0 0.0 
237.0 0.0 
239.0 0.0 
241.0 0.0 
243.0 5e-06 
245.0 0.0 
247.0 0.0 
249.0 0.0 
251.0 0.0 
253.0 0.0 
255.0 5e-06 
257.0 0.0 
259.0 0.0 
261.0 0.0 
263.0 1e-05 
265.0 0.0 
267.0 0.0 
269.0 0.0 
271.0 0.0 
273.0 5e-06 
275.0 5e-06 
277.0 0.0 
279.0 0.0 
281.0 1e-05 
283.0 0.0 
285.0 0.0 
287.0 0.0 
289.0 0.0 
291.0 0.0 
293.0 0.0 
295.0 0.0 
297.0 0.0 
