-0.6 5.69281756962373e-06 
0.0 0.0 
0.6 5.69281756962373e-06 
1.2 2.2762265843978707e-05 
1.7999999999999998 5.118134932105192e-05 
2.4 9.09051347921485e-05 
3.0 0.00014187084013073925 
3.5999999999999996 0.00020399795829102914 
4.2 0.000277188416211517 
4.8 0.00036132676823329905 
5.3999999999999995 0.00045628042355851247 
6.0 0.0005618999071913517 
6.6 0.0006780191537227859 
7.199999999999999 0.0008044558332406796 
7.8 0.0009410117085697069 
8.4 0.001087473022970485 
9.0 0.0012436109173549397 
9.6 0.0014091818760052742 
10.2 0.0015839281997172075 
10.799999999999999 0.0017675785052246344 
11.4 0.0019598482497026355 
12.0 0.002160440279089037 
12.6 0.0023690453989116613 
13.2 0.0025853429662591044 
13.799999999999999 0.0028090015014875028 
14.399999999999999 0.003039679318214406 
15.0 0.003277025170113659 
15.6 0.0035206789129921838 
16.2 0.0037702721806008696 
16.8 0.004025429072607395 
17.4 0.004285766853138886 
18.0 0.004550896658286745 
18.599999999999998 0.004820424210954938 
19.2 0.005093950541426379 
19.8 0.005371072712019823 
20.4 0.005651384544211915 
21.0 0.005934477346605644 
21.599999999999998 0.00621994064213722 
22.2 0.006507362892928706 
22.8 0.006796332221212845 
23.4 0.007086437124780073 
24.0 0.007377267185424896 
24.599999999999998 0.007668413768900128 
25.2 0.0079594707149223 
25.8 0.008250035015810113 
26.4 0.008539707482379729 
27.0 0.008828093395765875 
27.599999999999998 0.00911480314388605 
28.2 0.009399452841316446 
28.799999999999997 0.009681664931402078 
29.4 0.009961068769480282 
30.0 0.010237301186155564 
30.599999999999998 0.010510007029624983 
31.2 0.010778839686116199 
31.799999999999997 0.01104346157756509 
32.4 0.01130354463572634 
33.0 0.011558770751977763 
33.6 0.011808832202148206 
34.199999999999996 0.012053432045768175 
34.8 0.012292284499212987 
35.4 0.012525115282278673 
36.0 0.012751661937802155 
36.6 0.012971674124008086 
37.199999999999996 0.013184913879335644 
37.8 0.013391155859569041 
38.4 0.013590187547165464 
39.0 0.013781809432743097 
39.6 0.01396583516876023 
40.199999999999996 0.01414209169548323 
40.8 0.014310419339406917 
41.4 0.01447067188435498 
42.0 0.01462271661555051 
42.6 0.014766434337007434 
43.199999999999996 0.014901719362652166 
43.8 0.015028479481641571 
44.4 0.01514663589839739 
45.0 0.01525612314792952 
45.6 0.015356888987069793 
46.199999999999996 0.01544889426228501 
46.8 0.015532112754782165 
47.4 0.015606531003660431 
48.0 0.015672148107903072 
48.6 0.015728975508038468 
49.199999999999996 0.01577703674833238 
49.8 0.015816367220403433 
50.4 0.015847013889181076 
51.0 0.015869035002149163 
51.6 0.015882499782839236 
52.199999999999996 0.01588748810955593 
52.8 0.015884090180331507 
53.4 0.015872406165119004 
54.0 0.015852545846242277 
54.6 0.015824628248127613 
55.199999999999996 0.01578878125734472 
55.8 0.015745141233985682 
56.4 0.01569385261540805 
57.0 0.015635067513363375 
57.599999999999994 0.015568945305525123 
58.199999999999996 0.015495652222419679 
58.8 0.015415360930751876 
59.4 0.015328250114101691 
60.0 0.015234504051951602 
60.599999999999994 0.015134312197985072 
61.199999999999996 0.015027868758575423 
61.8 0.014915372272361253 
62.4 0.014797025191779669 
63.0 0.014673033467402058 
63.599999999999994 0.014543606135888995 
64.2 0.01440895491235125 
64.8 0.014269293787873184 
65.39999999999999 0.014124838632922403 
66.0 0.013975806807336882 
66.6 0.01382241677754618 
67.2 0.013664887741648918 
67.8 0.013503439262932852 
68.39999999999999 0.013338290912387786 
69.0 0.013169661920725037 
69.6 0.012997770840380113 
70.2 0.012822835217938212 
70.8 0.012645071277384875 
71.39999999999999 0.012464693614546822 
72.0 0.012281914903051043 
72.6 0.01209694561209311 
73.2 0.011909993736269213 
73.8 0.011721264537690367 
74.39999999999999 0.011530960300561206 
75.0 0.011339280098371339 
75.6 0.01114641957381217 
76.2 0.010952570731499054 
76.8 0.010757921743545545 
77.39999999999999 0.01056265676800466 
78.0 0.010366955780161377 
78.6 0.010170994416630282 
79.2 0.009974943832183919 
79.8 0.009778970569209374 
80.39999999999999 0.00958323643966419 
81.0 0.009387898419377514 
81.6 0.009193108554518077 
82.2 0.008999013880027946 
82.8 0.008805756349799496 
83.39999999999999 0.008613472778352563 
84.0 0.008422294793750328 
84.6 0.008232348801474356 
85.2 0.00804375595896342 
85.8 0.0078566321605057 
86.39999999999999 0.007671088032160254 
87.0 0.007487228936371716 
87.6 0.007305154985930954 
88.2 0.00712496106692495 
88.8 0.006946736870310879 
89.39999999999999 0.006770566931741994 
90.0 0.006596530679267443 
90.6 0.006424702488523096 
91.2 0.006255151745027229 
91.8 0.006087942913192491 
92.39999999999999 0.0059231356116641425 
93.0 0.0057607846945946835 
93.6 0.005600940338465516 
94.2 0.005443648134068181 
94.8 0.005288949183260633 
95.39999999999999 0.005136880200117253 
96.0 0.004987473616096279 
96.6 0.004840757688853162 
97.2 0.004696756614334701 
97.8 0.004555490641795502 
98.39999999999999 0.004416976191385504 
99.0 0.0042812259739657315 
99.6 0.0041482491128176195 
100.2 0.004018051266920613 
100.8 0.0038906347554823065 
101.39999999999999 0.003765998683415155 
102.0 0.0036441390674645576 
102.6 0.003525048962703429 
103.2 0.0034087185891196227 
103.8 0.0032951354580337587 
104.39999999999999 0.003184284498096329 
105.0 0.0030761481806247716 
105.6 0.0029707066440527318 
106.2 0.002867937817275625 
106.8 0.0027678175416884945 
107.39999999999999 0.0026703196917239195 
108.0 0.0025754162937096908 
108.6 0.00248307764287762 
109.2 0.002393272418366627 
109.8 0.0023059677960748535 
110.39999999999999 0.0022211295592267782 
111.0 0.0021387222065328937 
111.6 0.002058709057830244 
112.2 0.001981052357103157 
112.8 0.001905713372794104 
113.39999999999999 0.001832652495324835 
114.0 0.0017618293317582016 
114.6 0.0016932027975407168 
115.19999999999999 0.001626731205275433 
115.8 0.001562372350483912 
116.39999999999999 0.0015000835943248544 
117.0 0.0014398219432454659 
117.6 0.0013815441255498138 
118.19999999999999 0.0013252066648761973 
118.8 0.0012707659505830447 
119.39999999999999 0.001218178305049884 
120.0 0.001167400047906708 
120.6 0.0011183875572113968 
121.19999999999999 0.001071097327600844 
121.8 0.0010254860254471023 
122.39999999999999 0.0009815105410551064 
123.0 0.0009391280379434743 
123.6 0.0008982959992544359 
124.19999999999999 0.000858972271343173 
124.8 0.0008211151046007238 
125.39999999999999 0.000784683191568138 
126.0 0.0007496357024027917 
126.6 0.0007159323177606709 
127.19999999999999 0.0006835332591609885 
127.8 0.00065239931690181 
128.4 0.0006224918755973244 
129.0 0.0005937729374091064 
129.6 0.0005662051430451438 
130.2 0.0005397517906015831 
130.79999999999998 0.0005143768523230358 
131.4 0.0004900449893579791 
132.0 0.0004667215645862238 
132.6 0.00044437265359564127 
133.2 0.00042296505388537015 
133.79999999999998 0.0004024662923725334 
134.4 0.00038284463127912996 
135.0 0.0003640690724752462 
135.6 0.0003461093603540005 
136.2 0.000328935983312822 
136.79999999999998 0.0003125201739146325 
137.4 0.0002968339078014015 
138.0 0.00028184990143130024 
138.6 0.0002675416087093089 
139.2 0.0002538832165797105 
139.79999999999998 0.00024084963964733655 
140.4 0.00022841651389281833 
141.0 0.00021656018954541108 
141.6 0.0002052577231751846 
142.2 0.0001944868690645908 
142.79999999999998 0.00018422606991753897 
143.4 0.00017445444696223065 
144.0 0.00016515178950208203 
144.6 0.00015629854396710687 
145.2 0.0001478758025161852 
145.79999999999998 0.00013986529123865537 
146.4 0.00013224935800169738 
147.0 0.00012501095998800318 
147.6 0.00011813365096625176 
148.2 0.00011160156833496664 
148.79999999999998 0.00010539941997837815 
149.4 9.951247097100698e-05 
150.0 9.392653016578863e-05 
150.6 8.862793669869259e-05 
151.2 8.360354644096754e-05 
151.79999999999998 7.884071842833753e-05 
152.4 7.432730129472144e-05 
153.0 7.005161973633484e-05 
153.6 6.60024610303481e-05 
154.2 6.216906163065917e-05 
154.79999999999998 5.8541093861743546e-05 
155.4 5.510865273001701e-05 
156.0 5.1862242870655776e-05 
156.6 4.879276564638482e-05 
157.2 4.589150641335999e-05 
157.79999999999998 4.31501219679325e-05 
158.4 4.056062818680473e-05 
159.0 3.81153878718547e-05 
159.6 3.580709880972623e-05 
160.2 3.362878205515833e-05 
160.79999999999998 3.157377044594774e-05 
161.4 2.9635697356415977e-05 
162.0 2.780848569527914e-05 
162.6 2.6086337152890737e-05 
163.2 2.446372170195687e-05 
163.79999999999998 2.2935367354992847e-05 
164.4 2.149625018101091e-05 
165.0 2.0141584583196018e-05 
165.6 1.8866813838635926e-05 
166.2 1.766760090052936e-05 
166.79999999999998 1.6539819462691503e-05 
167.4 1.547954528561613e-05 
168.0 1.4483047782834072e-05 
168.6 1.3546781865823252e-05 
169.2 1.2667380045284213e-05 
169.79999999999998 1.1841644786183792e-05 
170.4 1.1066541113597513e-05 
171.0 1.0339189466040408e-05 
171.6 9.656858792666628e-06 
172.2 9.016959890441586e-06 
172.79999999999998 8.417038977139662e-06 
173.4 7.854771495800516e-06 
174.0 7.327956146081068e-06 
174.6 6.834509137771081e-06 
175.2 6.372458661593693e-06 
175.79999999999998 5.939939572288183e-06 
176.4 5.535188278870015e-06 
177.0 5.156537836879897e-06 
177.6 4.8024132373696465e-06 
178.2 4.471326887326045e-06 
178.79999999999998 4.16187427620328e-06 
179.4 3.872729823219666e-06 
180.0 3.6026429000731314e-06 
180.6 3.3504340237423575e-06 
181.2 3.114991214064679e-06 
181.79999999999998 2.8952665108170593e-06 
182.4 2.6902726450723515e-06 
183.0 2.499079859657917e-06 
183.6 2.320812873607111e-06 
184.2 2.15464798556556e-06 
184.79999999999998 1.99981031119187e-06 
185.4 1.855571149676968e-06 
186.0 1.7212454745959196e-06 
186.6 1.5961895444005494e-06 
187.2 1.4797986279602173e-06 
187.79999999999998 1.371504840660191e-06 
188.4 1.2707750866727754e-06 
189.0 1.1771091031241393e-06 
189.6 1.09003760198997e-06 
190.2 1.009120505664683e-06 
190.79999999999998 9.33945272261705e-07 
191.4 8.641253068159391e-07 
192.0 7.992984546735781e-07 
192.6 7.391255734683818e-07 
193.2 6.832891801975313e-07 
193.79999999999998 6.314921700232828e-07 
194.4 5.834566035392843e-07 
195.0 5.389225593518047e-07 
195.6 4.97647048936385e-07 
196.2 4.594029908391956e-07 
196.79999999999998 4.239782413994905e-07 
197.4 3.911746792749559e-07 
198.0 3.6080734115518057e-07 
198.6 3.327036061498688e-07 
199.2 3.067024264377038e-07 
199.79999999999998 2.8265360185873454e-07 
200.4 2.6041709622789316e-07 
201.0 2.398623932395333e-07 
201.6 2.2086788992276594e-07 
202.2 2.0332032569478223e-07 
202.79999999999998 1.8711424514421748e-07 
203.4 1.7215149275901233e-07 
204.0 1.5834073789303367e-07 
204.6 1.4559702834303288e-07 
205.2 1.338413709822718e-07 
205.79999999999998 1.2300033796938663e-07 
206.4 1.1300569712079653e-07 
207.0 1.0379406510223029e-07 
207.6 9.530658215974038e-08 
208.2 8.748860717299035e-08 
208.79999999999998 8.028943187359994e-08 
209.4 7.366201312903326e-08 
210.0 6.75627222479081e-08 
210.6 6.195111031575911e-08 
211.2 5.6789688621266996e-08 
211.79999999999998 5.2043723281784185e-08 
212.4 4.768104322374619e-08 
213.0 4.36718607182797e-08 
213.6 3.998860371506896e-08 
214.2 3.660575925838924e-08 
214.79999999999998 3.349972730820313e-08 
215.4 3.0648684326406857e-08 
216.0 2.8032456023777196e-08 
216.6 2.563239869694612e-08 
217.2 2.3431288616894832e-08 
217.79999999999998 2.1413218961056643e-08 
218.4 1.956350381021867e-08 
219.0 1.7868588759057227e-08 
219.6 1.6315967715404055e-08 
220.2 1.4894105488261136e-08 
220.79999999999998 1.3592365788219419e-08 
221.4 1.2400944286348016e-08 
222.0 1.1310806398849915e-08 
222.6 1.0313629484884024e-08 
223.2 9.401749163977128e-09 
223.79999999999998 8.568109477441517e-09 
224.4 7.806216635223321e-09 
225.0 7.110096105673601e-09 
225.6 6.474252820907065e-09 
226.2 5.893634284732187e-09 
226.79999999999998 5.363596383640476e-09 
227.4 4.8798717140753336e-09 
228.0 4.438540251196799e-09 
228.6 4.036002195654798e-09 
229.2 3.6689528455183287e-09 
229.79999999999998 3.3343593505099844e-09 
230.39999999999998 3.029439215102243e-09 
231.0 2.751640425871913e-09 
231.6 2.4986230868131652e-09 
232.2 2.2682424541057817e-09 
232.79999999999998 2.0585332691521244e-09 
233.39999999999998 1.867695295558789e-09 
234.0 1.6940799721725186e-09 
234.6 1.5361781003095605e-09 
235.2 1.3926084889638017e-09 
235.79999999999998 1.2621074870662506e-09 
236.39999999999998 1.1435193368148422e-09 
237.0 1.0357872867205502e-09 
237.6 9.379454073414447e-10 
238.2 8.491110567181138e-10 
238.79999999999998 7.684779462993878e-10 
239.39999999999998 6.9530976167186e-10 
240.0 6.289342956957527e-10 
240.6 5.687380547178034e-10 
241.2 5.141613013920242e-10 
241.79999999999998 4.6469350030510873e-10 
242.39999999999998 4.198691350862344e-10 
243.0 3.7926386799321363e-10 
243.6 3.424910151188188e-10 
244.2 3.0919831236299625e-10 
244.79999999999998 2.7906494917835906e-10 
245.39999999999998 2.5179884882662734e-10 
246.0 2.2713417549145014e-10 
246.6 2.048290500861575e-10 
247.2 1.8466345798099636e-10 
247.79999999999998 1.6643733316070431e-10 
248.39999999999998 1.4996880451621538e-10 
249.0 1.3509259108040307e-10 
249.6 1.2165853404293338e-10 
250.2 1.0953025432889395e-10 
250.79999999999998 9.858392540532874e-11 
251.39999999999998 8.87071517937704e-11 
252.0 7.979794452004234e-11 
252.6 7.176378542919856e-11 
253.2 6.452077293745505e-11 
253.79999999999998 5.799284238813681e-11 
254.39999999999998 5.211105472842274e-11 
255.0 4.6812947731350736e-11 
255.6 4.204194445613399e-11 
256.2 3.774681407218537e-11 
256.8 3.3881180571022487e-11 
257.4 3.040307525784878e-11 
258.0 2.7274529253411104e-11 
258.59999999999997 2.4461202548858617e-11 
259.2 2.1932046443721996e-11 
259.8 1.965899646171444e-11 
260.4 1.7616693082484703e-11 
261.0 1.5782227851366103e-11 
261.59999999999997 1.413491263505081e-11 
262.2 1.2656069980322594e-11 
262.8 1.1328842706837512e-11 
263.4 1.0138021024588178e-11 
264.0 9.069885613260393e-12 
264.59999999999997 8.112065235200797e-12 
265.2 7.25340757709799e-12 
265.8 6.483862128635665e-12 
266.4 5.794374010090977e-12 
267.0 5.1767877558939685e-12 
267.59999999999997 4.623760148220381e-12 
268.2 4.128681274397693e-12 
268.8 3.685603054867526e-12 
269.4 3.289174555200475e-12 
270.0 2.9345834567159725e-12 
270.59999999999997 2.617503116084027e-12 
271.2 2.3340446953028023e-12 
271.8 2.0807138900612345e-12 
272.4 1.8543718270646143e-12 
273.0 1.6521997397671557e-12 
273.59999999999997 1.4716670674250324e-12 
274.2 1.3105026547409603e-12 
274.8 1.1666687588823228e-12 
275.4 1.0383375975562126e-12 
276.0 9.238701963413845e-13 
276.59999999999997 8.217973158113242e-13 
277.2 7.308022593204778e-13 
277.8 6.49705380841322e-13 
278.4 5.77450129088121e-13 
279.0 5.130904794903347e-13 
279.59999999999997 4.557796195167457e-13 
280.2 4.047597655209262e-13 
280.8 3.593530007927199e-13 
281.4 3.189530349589952e-13 
282.0 2.8301779437461403e-13 
282.59999999999997 2.5106276176617485e-13 
283.2 2.2265499121447054e-13 
283.8 1.974077316588013e-13 
284.4 1.749755985417997e-13 
285.0 1.5505023904735114e-13 
285.59999999999997 1.3735644167083412e-13 
286.2 1.2164864564971783e-13 
286.8 1.0770781011934321e-13 
287.4 9.533860678433384e-14 
288.0 8.436690344863208e-14 
288.59999999999997 7.463750896083275e-14 
289.2 6.601215303758001e-14 
289.8 5.836767705500455e-14 
290.4 5.1594414272259316e-14 
291.0 4.5594740095970934e-14 
291.59999999999997 4.0281774931295266e-14 
292.2 3.5578223913755455e-14 
292.8 3.141533939405297e-14 
293.4 2.7731993471586517e-14 
294.0 2.4473849156262825e-14 
294.59999999999997 2.1592619895633656e-14 
295.2 1.904540824749492e-14 
295.8 1.6794115417894317e-14 
296.4 1.480491423087754e-14 
297.0 1.3047778858345662e-14 
297.59999999999997 1.1496065324254267e-14 
298.2 1.0126137414450078e-14 
298.8 8.917033178468148e-15 
