-0.2 0.00011719775979113319 
0.0 0.0 
0.2 0.00011719775979113319 
0.4 0.0004681218158105068 
0.6000000000000001 0.0010507692732345515 
0.8 0.0018618178490963215 
1.0 0.0028966495369846935 
1.2000000000000002 0.00414938344343121 
1.4000000000000001 0.0056129175055671865 
1.6 0.007278978721996553 
1.8 0.009138181455104918 
2.0 0.011180093293981497 
2.2 0.01339330790347795 
2.4000000000000004 0.015765524227310892 
2.6 0.018283631362102114 
2.8000000000000003 0.02093379837533102 
3.0 0.023701568303749337 
3.2 0.026571955540190945 
3.4000000000000004 0.029529545796117006 
3.6 0.0325585978147922 
3.8000000000000003 0.0356431460057185 
4.0 0.03876710317479108 
4.2 0.04191436253642802 
4.4 0.04506889821341 
4.6000000000000005 0.048214863457017566 
4.800000000000001 0.05133668585385564 
5.0 0.054419158826025944 
5.2 0.05744752877749385 
5.4 0.06040757729099176 
5.6000000000000005 0.06328569783594987 
5.800000000000001 0.06606896650805007 
6.0 0.06874520638433806 
6.2 0.07130304514365378 
6.4 0.0737319656696983 
6.6000000000000005 0.07602234942258951 
6.800000000000001 0.07816551243352002 
7.0 0.08015373384539143 
7.2 0.08198027698935406 
7.4 0.08363940305236046 
7.6000000000000005 0.0851263774535179 
7.800000000000001 0.08643746910661707 
8.0 0.08756994280219624 
8.200000000000001 0.08852204499440267 
8.4 0.08929298332532885 
8.6 0.08988290026209213 
8.8 0.09029284125941167 
9.0 0.09052471789261834 
9.200000000000001 0.09058126643276358 
9.4 0.09046600235670832 
9.600000000000001 0.09018317130076343 
9.8 0.08973769697667369 
10.0 0.0891351265736112 
10.200000000000001 0.08838157416953514 
10.4 0.08748366267001499 
10.600000000000001 0.08644846478266628 
10.8 0.08528344352103062 
11.0 0.08399639271338358 
11.200000000000001 0.08259537796995782 
11.4 0.08108867853682143 
11.600000000000001 0.07948473043656995 
11.8 0.07779207126550436 
12.0 0.07601928698451377 
12.200000000000001 0.07417496100689008 
12.4 0.0722676258512103 
12.600000000000001 0.07030571759164238 
12.8 0.06829753330197584 
13.0 0.06625119165372949 
13.200000000000001 0.06417459679321286 
13.4 0.062075405587755234 
13.600000000000001 0.05996099829777281 
13.8 0.05783845269920523 
14.0 0.05571452165036432 
14.200000000000001 0.05359561406861162 
14.4 0.05148777925570643 
14.600000000000001 0.04939669448628013 
14.8 0.0473276557518178 
15.0 0.045285571532841 
15.200000000000001 0.04327495945473481 
15.4 0.04129994566787046 
15.600000000000001 0.039364266780326736 
15.8 0.03747127416157936 
16.0 0.03562394042793946 
16.2 0.033824867915204684 
16.400000000000002 0.03207629894083176 
16.6 0.03038012765683179 
16.8 0.02873791329539405 
17.0 0.027150894611817685 
17.2 0.02562000533351636 
17.400000000000002 0.024145890429501514 
17.6 0.02272892302167814 
17.8 0.02136922176733666 
18.0 0.02006666855123104 
18.2 0.018820926335429533 
18.400000000000002 0.01763145702555237 
18.6 0.01649753922291556 
18.8 0.015418285743332425 
19.0 0.014392660794748192 
19.200000000000003 0.013419496717363871 
19.400000000000002 0.012497510201327782 
19.6 0.011625317908322432 
19.8 0.010801451434357193 
20.0 0.010024371561700832 
20.200000000000003 0.009292481758081736 
20.400000000000002 0.008604140890978119 
20.6 0.007957675133965596 
20.8 0.007351389050640211 
21.0 0.006783575849559333 
21.200000000000003 0.006252526810917928 
21.400000000000002 0.005756539892289623 
21.6 0.005293927526705309 
21.8 0.004863023631619891 
22.0 0.004462189851938215 
22.200000000000003 0.004089821064251729 
22.400000000000002 0.0037443501727977765 
22.6 0.0034242522304196994 
22.8 0.003128047920009084 
23.0 0.0028543064335824248 
23.200000000000003 0.0026016477873209635 
23.400000000000002 0.0023687446116201507 
23.6 0.002154323455493442 
23.8 0.0019571656445933846 
24.0 0.0017761077316896098 
24.200000000000003 0.0016100415777186284 
24.400000000000002 0.00145791410053144 
24.6 0.0013187267272495968 
24.8 0.0011915345847340532 
25.0 0.0010754454611075505 
25.200000000000003 0.0009696185695829449 
25.400000000000002 0.0008732631440661052 
25.6 0.0007856368941510545 
25.8 0.0007060443452319473 
26.0 0.0006338350875444339 
26.200000000000003 0.0005684019560387895 
26.400000000000002 0.0005091791610971198 
26.6 0.0004556403882531765 
26.8 0.00040729688326987046 
27.0 0.0003636955371878953 
27.200000000000003 0.00032441698428919594 
27.400000000000002 0.00028907372432885117 
27.6 0.00025730827888459666 
27.8 0.0002287913902591731 
28.0 0.00020322027004985533 
28.200000000000003 0.00018031690327371751 
28.400000000000002 0.00015982641280670382 
28.6 0.00014151548785894147 
28.8 0.00012517087926634308 
29.0 0.0001105979635270626 
29.200000000000003 9.761937674785835e-05 
29.400000000000002 8.607371898622371e-05 
29.6 7.581432887535539e-05 
29.8 6.670812789624345e-05 
30.0 5.8634533209799496e-05 
30.200000000000003 5.148443757724454e-05 
30.400000000000002 4.515925457408541e-05 
30.6 3.9570027037041635e-05 
30.8 3.4636596469428894e-05 
31.0 3.0286830963963743e-05 
31.200000000000003 2.6455909078144962e-05 
31.400000000000002 2.30856570117945e-05 
31.6 2.0123936384757853e-05 
31.8 1.7524079891111064e-05 
32.0 1.5244372110675249e-05 
32.2 1.324757278563589e-05 
32.4 1.1500479916272148e-05 
32.6 9.97353009215513e-06 
32.800000000000004 8.640433550868131e-06 
33.0 7.477841542760295e-06 
33.2 6.465043675171319e-06 
33.4 5.583693010859985e-06 
33.6 4.817556801195905e-06 
33.800000000000004 4.15229084338977e-06 
34.0 3.5752355612073675e-06 
34.2 3.075232019001668e-06 
34.4 2.642456188431686e-06 
34.6 2.2682698950202497e-06 
34.800000000000004 1.945086976980521e-06 
35.0 1.666253290895665e-06 
35.2 1.4259392973765558e-06 
35.4 1.2190440543630701e-06 
35.6 1.0411095359916736e-06 
35.800000000000004 8.88244280727447e-07 
36.0 7.570554536284538e-07 
36.2 6.445884841192402e-07 
36.4 5.482735124963711e-07 
36.6 4.6587794561999826e-07 
36.800000000000004 3.954644849487416e-07 
37.0 3.35354048369732e-07 
37.2 2.840930613084322e-07 
37.4 2.4042464253981344e-07 
37.6 2.0326325614609676e-07 
37.800000000000004 1.716724433698679e-07 
38.0 1.4484528689492184e-07 
38.2 1.2208729555529234e-07 
38.400000000000006 1.028014298301848e-07 
38.6 8.647501793283428e-08 
38.800000000000004 7.266833904452313e-08 
39.0 6.100467447610023e-08 
39.2 5.116164944675719e-08 
39.400000000000006 4.286370793452726e-08 
39.6 3.587558084772521e-08 
39.800000000000004 2.999662375528438e-08 
40.0 2.505591475154154e-08 
40.2 2.0908015862999154e-08 
40.400000000000006 1.7429312867215903e-08 
40.6 1.45148586141679e-08 
40.800000000000004 1.2075654036122659e-08 
41.0 1.0036309112318915e-08 
41.2 8.333033220141294e-09 
41.400000000000006 6.911910647437278e-09 
41.6 5.727422645828295e-09 
41.800000000000004 4.741182349676732e-09 
42.0 3.9208532402387886e-09 
42.2 3.2392256634687917e-09 
42.400000000000006 2.673429270929326e-09 
42.6 2.2042621986983646e-09 
42.800000000000004 1.815620376289773e-09 
43.0 1.4940126088878688e-09 
43.2 1.2281490397485768e-09 
43.400000000000006 1.008592309550664e-09 
43.6 8.274622162538346e-10 
43.800000000000004 6.781859697880857e-10 
44.0 5.552872548055325e-10 
44.2 4.5420828320082203e-10 
44.400000000000006 3.7115985512837876e-10 
44.6 3.029951695898525e-10 
44.800000000000004 2.4710374813333177e-10 
45.0 2.0132237082841791e-10 
45.2 1.6386038391078056e-10 
45.400000000000006 1.3323713337341584e-10 
45.6 1.0822961711612883e-10 
45.800000000000004 8.782873773960771e-11 
46.0 7.120278539441199e-11 
46.2 5.7666991112037615e-11 
46.400000000000006 4.6658170835712277e-11 
46.6 3.7713633342973434e-11 
46.800000000000004 3.0453655232269685e-11 
47.0 2.456693643797346e-11 
47.2 1.979854319803866e-11 
47.400000000000006 1.5939924488507896e-11 
47.6 1.282065477908895e-11 
47.800000000000004 1.0301612376349271e-11 
48.0 8.269350169490568e-12 
48.2 6.6314556181752825e-12 
48.400000000000006 5.3127304688690076e-12 
48.6 4.252048934936085e-12 
48.800000000000004 3.399776761556508e-12 
49.0 2.7156534307739356e-12 
49.2 2.1670563495764623e-12 
49.400000000000006 1.7275797185050861e-12 
49.6 1.3758723354005906e-12 
49.800000000000004 1.0946882172664106e-12 
50.0 8.701119345652672e-13 
50.2 6.909272097429021e-13 
50.400000000000006 5.481028572217661e-13 
50.6 4.3437472227482934e-13 
50.800000000000004 3.439060680544434e-13 
51.0 2.7201199538502816e-13 
51.2 2.1493606919167968e-13 
51.400000000000006 1.6966946109559996e-13 
51.6 1.3380467705792635e-13 
51.800000000000004 1.0541738652420775e-13 
52.0 8.297105910647837e-14 
52.2 6.524009122475408e-14 
52.400000000000006 5.12479055504862e-14 
52.6 4.021716146767691e-14 
52.800000000000004 3.1529750729123044e-14 
53.0 2.4694690264321422e-14 
53.2 1.932238124821936e-14 
53.400000000000006 1.5103994565992525e-14 
53.6 1.179497966815056e-14 
53.800000000000004 9.201886354382694e-15 
54.0 7.171845358578993e-15 
54.2 5.584180390500511e-15 
54.400000000000006 4.343726985820274e-15 
54.6 3.3755166035948217e-15 
54.800000000000004 2.6205515536365443e-15 
55.0 2.0324505315057702e-15 
55.2 1.5747882316168554e-15 
55.400000000000006 1.2189876933175109e-15 
55.6 9.426523345498572e-16 
55.800000000000004 7.282473634595181e-16 
56.0 5.620585027860537e-16 
56.2 4.3337058529244624e-16 
56.400000000000006 3.338202859868418e-16 
56.6 2.568866190713949e-16 
56.800000000000004 1.9749030561804728e-16 
57.0 1.5167908422172013e-16 
57.2 1.163807914902488e-16 
57.400000000000006 8.920982391881827e-17 
57.6 6.831560187784639e-17 
57.800000000000004 5.226404629215256e-17 
58.0 3.994497440975624e-17 
58.2 3.049982326517359e-17 
58.400000000000006 2.326529840555112e-17 
58.6 1.7729485419512295e-17 
58.800000000000004 1.3497704090787273e-17 
59.0 1.0265970506031535e-17 
59.2 7.80039376955972e-18 
59.400000000000006 5.921197046608729e-18 
59.6 4.4903380764671994e-18 
59.800000000000004 3.401928422189161e-18 
60.0 2.5748265203913635e-18 
60.2 1.9469173296608807e-18 
60.400000000000006 1.470699169502197e-18 
60.6 1.1098826082544848e-18 
60.800000000000004 8.367720595636057e-19 
61.0 6.302520719280466e-19 
61.2 4.74240284829881e-19 
61.400000000000006 3.5650014715639297e-19 
61.6 2.677306882164176e-19 
61.800000000000004 2.0086941987685874e-19 
62.0 1.505590221390916e-19 
62.2 1.1273975670993122e-19 
62.400000000000006 8.433829305594892e-20 
62.6 6.303038849211735e-20 
62.800000000000004 4.7060082165799906e-20 
63.0 3.510208834070893e-20 
63.2 2.615717639086881e-20 
63.400000000000006 1.947271264037038e-20 
63.6 1.448237509220532e-20 
63.800000000000004 1.0760462164341945e-20 
64.0 7.987298381399583e-21 
64.2 5.923069061157073e-21 
64.4 4.388050739963674e-21 
64.60000000000001 3.2476894463059733e-21 
64.8 2.4013496920032116e-21 
65.0 1.773839958873163e-21 
65.2 1.3090360976434686e-21 
65.4 9.65088242479424e-22 
65.60000000000001 7.108217201981992e-22 
65.8 5.230373074705653e-22 
66.0 3.8448819209080873e-22 
66.2 2.823655804039286e-22 
66.4 2.0716623055029632e-22 
66.60000000000001 1.518464621036324e-22 
66.8 1.1119082294832281e-22 
67.0 8.134143156519862e-23 
67.2 5.944746294861984e-23 
67.4 4.340437737293022e-23 
67.60000000000001 3.166011402456641e-23 
67.8 2.307120094492095e-23 
68.0 1.6796034460363896e-23 
68.2 1.221580761985503e-23 
68.4 8.875984367878734e-24 
68.60000000000001 6.44302524218449e-24 
68.8 4.6724228615967035e-24 
69.0 3.385115518637359e-24 
69.2 2.450100708974049e-24 
69.4 1.7716319708068386e-24 
69.60000000000001 1.279800437913595e-24 
69.8 9.236133759949378e-25 
70.0 6.659129002182725e-25 
70.2 4.796494361363379e-25 
70.4 3.45151515226732e-25 
70.60000000000001 2.4812756083872224e-25 
70.8 1.7820490107462204e-25 
71.0 1.278626604885332e-25 
71.2 9.165313474420645e-26 
71.4 6.563423727356166e-26 
71.60000000000001 4.695622046880668e-26 
71.8 3.356104169755997e-26 
72.0 2.3963893367486742e-26 
72.2 1.709460257760987e-26 
72.4 1.2182610519075303e-26 
72.60000000000001 8.673641527250537e-27 
72.8 6.1693920993805044e-27 
73.0 4.3839249156309394e-27 
73.2 3.1121728384841383e-27 
73.4 2.2072128249075255e-27 
73.60000000000001 1.563884412936631e-27 
73.8 1.1069934816538e-27 
74.0 7.82826435729039e-28 
74.2 5.530519707510953e-28 
74.4 3.9034307670470026e-28 
74.60000000000001 2.7523719750186416e-28 
74.8 1.9388665429220722e-28 
75.0 1.364485366340151e-28 
75.2 9.593344883456957e-29 
75.4 6.738317578350428e-29 
75.60000000000001 4.728388671875643e-29 
75.8 3.3147834975919074e-29 
76.0 2.3215471430575374e-29 
76.2 1.6243522612537704e-29 
76.4 1.1354377523698826e-29 
76.60000000000001 7.929154435030585e-30 
76.80000000000001 5.531856275602697e-30 
77.0 3.855630394577834e-30 
77.2 2.6847288431275233e-30 
77.4 1.8676092600634752e-30 
77.60000000000001 1.2979327630427372e-30 
77.80000000000001 9.011539452834692e-31 
78.0 6.250667934470117e-31 
78.2 4.331462337874846e-31 
78.4 2.9986333177686793e-31 
78.60000000000001 2.073924372275668e-31 
78.80000000000001 1.4329902351735907e-31 
79.0 9.891777466091467e-32 
79.2 6.821600209075382e-32 
79.4 4.699796314051635e-32 
79.60000000000001 3.23483910484279e-32 
79.80000000000001 2.2243710570070974e-32 
80.0 1.5280681256673057e-32 
80.2 1.0487190463704216e-32 
80.4 7.19045841367325e-33 
80.60000000000001 4.925326368478603e-33 
80.80000000000001 3.370501201825094e-33 
81.0 2.3042787964938197e-33 
81.2 1.5738257674354055e-33 
81.4 1.0738890058895782e-33 
81.60000000000001 7.320542791705544e-34 
81.80000000000001 4.985495622929357e-34 
82.0 3.3919901995342428e-34 
82.2 2.3055898807840887e-34 
82.4 1.565635896461217e-34 
82.60000000000001 1.0621375237030661e-34 
82.80000000000001 7.198666066826636e-35 
83.0 4.874214330124451e-35 
83.2 3.297148891488595e-35 
83.4 2.228198428055403e-35 
83.60000000000001 1.5043557793900704e-35 
83.80000000000001 1.0146789928009427e-35 
84.0 6.837356397969903e-36 
84.2 4.6028755130932645e-36 
84.4 3.095649098465062e-36 
84.60000000000001 2.07996358563658e-36 
84.80000000000001 1.3961795390320889e-36 
85.0 9.362856371080876e-37 
85.2 6.272736301940152e-37 
85.4 4.198433707569153e-37 
85.60000000000001 2.8073670087829443e-37 
85.80000000000001 1.8753948897724553e-37 
86.0 1.2516068497568063e-37 
86.2 8.344970828521199e-38 
86.4 5.558574423593804e-38 
86.60000000000001 3.6989951229242816e-38 
86.80000000000001 2.4591546771182286e-38 
87.0 1.6333140885689692e-38 
87.2 1.0837656110071163e-38 
87.4 7.184273237156129e-39 
87.60000000000001 4.757865428611391e-39 
87.80000000000001 3.147917383461691e-39 
88.0 2.0807331034093025e-39 
88.2 1.3740145355175486e-39 
88.4 9.064590672787044e-40 
88.60000000000001 5.974299742308343e-40 
88.80000000000001 3.933759267949793e-40 
89.0 2.5876797674916447e-40 
89.2 1.7005730065728376e-40 
89.4 1.116508546404805e-40 
89.60000000000001 7.32336805763121e-41 
89.80000000000001 4.798900325565522e-41 
90.0 3.141627396421929e-41 
90.2 2.0547061380439914e-41 
90.4 1.3425388960942244e-41 
90.60000000000001 8.76367312180851e-42 
90.80000000000001 5.715149787378863e-42 
91.0 3.723498954485832e-42 
91.2 2.4235782473403345e-42 
91.4 1.5759595434328405e-42 
91.60000000000001 1.0238004365278284e-42 
91.80000000000001 6.644584085695581e-43 
92.0 4.308266464818601e-43 
92.2 2.7907413833225345e-43 
92.4 1.8060049140868835e-43 
92.60000000000001 1.1676174575070745e-43 
92.80000000000001 7.541618614561667e-44 
93.0 4.866434744588208e-44 
93.2 3.137181255524101e-44 
93.4 2.0204620850603091e-44 
93.60000000000001 1.3000025441349362e-44 
93.80000000000001 8.35641730621014e-45 
94.0 5.366343578392783e-45 
94.2 3.442859373189529e-45 
94.4 2.206696284889547e-45 
94.60000000000001 1.4130200724525902e-45 
94.80000000000001 9.039337511628908e-46 
95.0 5.777066860970615e-46 
95.2 3.688592864967354e-46 
95.4 2.3528627951036667e-46 
95.60000000000001 1.4993915250844475e-46 
95.80000000000001 9.5458825314768e-47 
96.0 6.071552019551301e-47 
96.2 3.858033293161216e-47 
96.4 2.449147006707535e-47 
96.60000000000001 1.553267960528722e-47 
96.80000000000001 9.841483695230095e-48 
97.0 6.229561086711962e-48 
97.2 3.9394628924006667e-48 
97.4 2.4888532377959096e-48 
97.60000000000001 1.570884613194647e-48 
97.80000000000001 9.905400104971158e-49 
98.0 6.239970162044549e-49 
98.2 3.927134467837088e-49 
98.4 2.4691746776092747e-49 
98.60000000000001 1.5509959178387836e-49 
98.80000000000001 9.733125148465262e-50 
99.0 6.102064407168213e-50 
99.2 3.821942142695705e-50 
99.4 2.391521474537178e-50 
99.60000000000001 1.4950211317173404e-50 
